#_Random_number_seed
1234
#_Number_of_fisheries
1
#_Number_of_projection_years
14
#_Number_of_simulations
1000
#_Begin_year_of_projection
2024
#_Number_of_ages
30
#_Natural_Mortality 2 3 4 5 6 7 8 9 10 11 12 13 14 15 16 17 18 19 20 21 22 23 24 25 26 27 28 29 30 31
 0.114303 0.114303 0.114303 0.114303 0.114303 0.114303 0.114303 0.114303 0.114303 0.114303 0.114303 0.114303 0.114303 0.114303 0.114303 0.114303 0.114303 0.114303 0.114303 0.114303 0.114303 0.114303 0.114303 0.114303 0.114303 0.114303 0.114303 0.114303 0.114303 0.114303
#_2001_TAC_or_best_estimate_of_catch_2001
16.8278
#_F_ratio(must_sum_to_one_only_one_fishery)
1
#5year_Average_F(endyr-4,endyr_as_estimated_by_ADmodel)
0.0344634
#_Author_F_as_fraction_F_40%
1
#_Spawn_month
1
#_Wt_at_age_spawners 2 3 4 5 6 7 8 9 10 11 12 13 14 15 16 17 18 19 20 21 22 23 24 25 26 27 28 29 30 31
 1.1289 1.5716 2.0231 2.4639 2.8806 3.2653 3.614 3.9258 4.2014 4.4427 4.6527 4.8342 4.9903 5.1242 5.2385 5.336 5.4188 5.4891 5.5486 5.599 5.6416 5.6775 5.7079 5.7335 5.755 5.7732 5.7885 5.8014 5.8122 5.8455
#_Wt_at_age_fishery 2 3 4 5 6 7 8 9 10 11 12 13 14 15 16 17 18 19 20 21 22 23 24 25 26 27 28 29 30 31
 1.1289 1.5716 2.0231 2.4639 2.8806 3.2653 3.614 3.9258 4.2014 4.4427 4.6527 4.8342 4.9903 5.1242 5.2385 5.336 5.4188 5.4891 5.5486 5.599 5.6416 5.6775 5.7079 5.7335 5.755 5.7732 5.7885 5.8014 5.8122 5.8455
#_Maturity_divided_by_2(projection_program_uses_to_get_female_spawning_biomass_if_divide_by_2 2 3 4 5 6 7 8 9 10 11 12 13 14 15 16 17 18 19 20 21 22 23 24 25 26 27 28 29 30 31
 0.0111877 0.0229149 0.0456194 0.086405 0.15104 0.235501 0.320699 0.386707 0.42799 0.449841 0.462579 0.468046 0.465422 0.460355 0.455783 0.452606 0.450955 0.45001 0.448644 0.446532 0.444178 0.441758 0.4389 0.435995 0.433782 0.432199 0.430636 0.428952 0.427666 0.399834
#_Selectivity_fishery_scaled_to_max_at_one 2 3 4 5 6 7 8 9 10 11 12 13 14 15 16 17 18 19 20 21 22 23 24 25 26 27 28 29 30 31
 0.102485 0.549254 0.92859 0.992845 0.999325 0.999937 0.999994 0.999999 1 1 1 1 1 1 1 1 1 1 1 1 1 1 1 1 1 1 1 1 1 1
#_Numbers_at_age_end_year 2 3 4 5 6 7 8 9 10 11 12 13 14 15 16 17 18 19 20 21 22 23 24 25 26 27 28 29 30 31
 27.1786 24.7928 19.5077 55.0799 24.3853 45.8361 39.5692 7.50207 14.6725 3.55251 1.62889 0.844684 1.8464 1.37144 2.45154 1.51906 0.784915 0.709391 0.423325 0.570381 0.393379 0.437825 1.19749 0.35957 0.30989 0.587899 0.12527 0.228283 0.116438 0.746058
#_N_recruitment_years
44
#_Recruitment_start_at_1977_yearclass=1979_for_age_2_recruits 1979 1980 1981 1982 1983 1984 1985 1986 1987 1988 1989 1990 1991 1992 1993 1994 1995 1996 1997 1998 1999 2000 2001 2002 2003 2004 2005 2006 2007 2008 2009 2010 2011 2012 2013 2014 2015 2016 2017 2018 2019 2020 2021 2022
 83.0163 45.9767 22.9514 69.3418 39.7242 14.0515 15.4726 25.5109 9.82135 6.8388 7.66243 12.3313 23.6593 7.47027 25.4707 6.92309 7.54111 12.5963 20.6976 9.49941 37.2203 16.348 15.7793 43.717 13.3198 10.002 12.145 7.56088 10.6405 9.87903 16.0098 21.6168 10.1521 11.5699 4.53642 7.58659 14.2515 49.9162 21.5201 95.9108 94.3065 42.7422 82.4073 25.1328
