#ASSESSMENT_SUMMARY -------------------------------------------------------------------------------------------------
#STOCK  
"SABLE"
#STOCK_NAME
"Sablefish - Eastern Bering Sea / Aleutian Islands / Gulf of Alaska"
#REGION
"AK"
#ASMT_TYPE
"Operational"
#ASMT_YEAR
2024
#ASMT_MONTH
"Dec"
#TIER
"3a"
#NUM_SEXES
2
#NUM_FISHERIES
2
#REC_MULT
1000000
#RECAGE
2
#COMPLEX
"NA"
#LAST_DATA_YEAR
2024
#ASMT_MODEL_CATEGORY
"6 - Statistical Catch-at-Age"
#ASMT_MODEL
"Custom SCAA: Custom Statistical Catch-at-Age"
#MODEL_VERSION
"23.5"
#ENSEMBLE
"NA"
#LEAD_LAB
"AFSC"
#POC_EMAIL
"daniel.goethel@noaa.gov"
#REVIEW_RESULT
"Full acceptance"
#CATCH_INPUT_DATA
5
#ABUNDANCE_INPUT_DATA
4
#BIOLOGICAL_INPUT_DATA
4
#SIZEAGE_COMP_INPUT_DATA
4
#ECOSYSTEM_LINKAGE
2
#FISHING_MORTALITY_ESTIMATES ----------------------------------------------------------------------------------------
#F_YEAR
2023
#F_BASIS
"F for Fully-Selected Fish"
#F_UNIT
"Fully-Selected F"
#BEST_F_ESTIMATE
0.0447215
#F_LIMIT
0.083
#F_LIMIT_BASIS
"F from 2023 asmt corresponding to specified 2022 OFL"
#F_MSY
0.101979
#F_MSY_BASIS
"F35% as proxy"
#BIOMASS_ESTIMATES --------------------------------------------------------------------------------------------------
#B_YEAR
2024
#B_BASIS
"Mature Female Biomass"
#B_UNIT
"Metric tons"
#BEST_B_ESTIMATE
191102
#LOWER_B_ESTIMATE
163000
#UPPER_B_ESTIMATE
223000
#ESTIMATE_METHOD
"Credible"
#INTERVAL_SIZE
95
#B_MSY
105935
#B_MSY_BASIS
"B35%"
#TIME_SERIES_ESTIMATES ----------------------------------------------------------------------------------------------
#FISHERYYEAR
 1960 1961 1962 1963 1964 1965 1966 1967 1968 1969 1970 1971 1972 1973 1974 1975 1976 1977 1978 1979 1980 1981 1982 1983 1984 1985 1986 1987 1988 1989 1990 1991 1992 1993 1994 1995 1996 1997 1998 1999 2000 2001 2002 2003 2004 2005 2006 2007 2008 2009 2010 2011 2012 2013 2014 2015 2016 2017 2018 2019 2020 2021 2022 2023 2024
#AGE
 2 3 4 5 6 7 8 9 10 11 12 13 14 15 16 17 18 19 20 21 22 23 24 25 26 27 28 29 30 31
#RECRUITMENT
 28.4029 30.1674 32.2799 34.3153 35.5478 35.9677 34.2658 31.4688 28.5551 26.0417 23.7836 21.7886 20.2082 19.1303 18.9244 8.81658 10.2268 10.7609 13.9479 83.0163 45.9767 22.9514 69.3418 39.7242 14.0515 15.4726 25.5109 9.82135 6.8388 7.66243 12.3313 23.6593 7.47027 25.4707 6.92309 7.54111 12.5963 20.6976 9.49941 37.2203 16.348 15.7793 43.717 13.3198 10.002 12.145 7.56088 10.6405 9.87903 16.0098 21.6168 10.1521 11.5699 4.53642 7.58659 14.2515 49.9162 21.5201 95.9108 94.3065 42.7422 82.4073 25.1328 27.9237 27.1786
#SPAWNBIOMASS
 282889 282339 275306 263699 259261 260698 263216 263894 264066 259114 251042 240679 226934 207378 193601 179561 167121 153184 143866 140630 137028 135971 138142 146652 161384 179086 196433 204898 204908 196752 184275 170425 156614 143565 130329 119400 111831 106572 102608 99106.7 95968 92928.3 92554.9 93805.9 95899.3 98449.4 101585 104288 104778 103368 100581 97139 93049.3 89164.6 86241.9 84742.2 83546.7 82891.5 83088.1 86324.5 94634.2 110417 133160 160706 191102
#TOTALBIOMASS
 698768 704181 699958 689769 692889 707724 719815 721580 715612 693834 663033 628810 587040 535132 500684 458654 421931 383958 361264 427610 469836 491965 558471 600231 610995 610961 614016 582351 536134 484078 439504 414170 380692 370153 343186 317900 300630 296299 285187 304647 307741 307468 338468 341168 335018 326445 311796 299122 284506 277902 280634 274609 268027 252504 238745 234228 271062 287471 383088 492346 553499 648904 681772 698004 705105
#TOTFSHRYMORT
 0.00641005 0.0336204 0.056816 0.0371546 0.0159108 0.0182576 0.0322893 0.039312 0.0646006 0.0791129 0.0856556 0.103888 0.137123 0.104243 0.105787 0.0989682 0.11458 0.0834581 0.0419845 0.0480039 0.0406669 0.0479884 0.0428227 0.0387269 0.0412875 0.0420698 0.0762797 0.0940562 0.107553 0.106511 0.0995337 0.0910469 0.0867444 0.0968618 0.0972034 0.0826631 0.0742467 0.0667308 0.0675732 0.0695611 0.0817429 0.0746132 0.0761326 0.0823902 0.0852734 0.0774466 0.0722512 0.0756272 0.0717617 0.0678761 0.0654032 0.0743124 0.0810186 0.0810635 0.0703422 0.0695284 0.0586704 0.0654576 0.0643484 0.0584951 0.0518021 0.0472576 0.0520403 0.0447215 0.0391942
#TOTALCATCH
 3114.18 16151.4 26496.3 16929.7 7310.59 8663.22 15493.3 19036.5 30701.4 36414.4 37495.2 43276.3 52875.6 37003.6 34963.7 30418.5 32550.7 21977.3 10557.8 12157.6 10628.3 12833.3 12325 12046.3 14437.5 14986.7 29336.6 35652.9 39224.9 36170.2 31128.9 26334.2 23147.7 23942.2 22179.3 19424 16671.1 14338.1 13864.2 13906.7 16167.7 14873.3 15872.2 17705.5 18859.3 17807.9 16758.4 17142 15590.8 14039.3 12953.3 14204.1 15150.2 14925.5 12650.6 12092.6 11303.7 13558.4 15540.3 17831.9 20002.7 22193.9 27752.5 25709.7 23170.6
#SURVEYDESC
GOA_trawl_survey; AK Cooperative Longline survey; AK US Longline survey; AK Longline fishery CPUE
#STOCKNOTES
"SAFE report indicates that this stock was not subjected to overfishing in 2023 and is neither overfished nor approaching a condition of being overfished in 2024."
"A full assessment was undertaken in 2024 using  model 23.5."
#SURVEY_ESTIMATES [OPTIONAL] ------------------------------------------------------------------------------------------
#GOA_trawl_survey
 1990 1993 1996 1999 2003 2005 2007 2009 2011 2013 2015 2017 2019 2021 2023
 213.882 249.511 144.808 103.766 189.184 178.83 110.642 107.175 84.2911 59.5061 66.6856 119.328 210.743 291.146 141.765
#AK Cooperative Longline survey
 1979 1980 1981 1982 1983 1984 1985 1986 1987 1988 1989 1990 1991 1992 1993 1994
 413 387 458 613 621 685 903 838 667 707 661 449 386 402 395 366
#AK US Longline survey
 1990 1991 1992 1993 1994 1995 1996 1997 1998 1999 2000 2001 2002 2003 2004 2005 2006 2007 2008 2009 2010 2011 2012 2013 2014 2015 2016 2017 2018 2019 2020 2021 2022 2023
 641.803 579.828 498.755 549.81 477.28 488.554 507.424 477.683 474.721 527.381 456.419 534.668 550.862 517.481 540.429 541.998 570.648 508.653 461.207 414.79 458.805 555.539 444.57 420.521 484.357 385.812 495.308 562.035 611.082 899.867 1187 1298.07 1516.87 1524.15
#AK Longline fishery CPUE
 1995 1996 1997 1998 1999 2000 2001 2002 2003 2004 2005 2006 2007 2008 2009 2010 2011 2012 2013 2014 2015 2016 2017 2018 2019 2020 2021 2022
 0.34843 0.336045 0.374605 0.334713 0.326743 0.331525 0.307588 0.324647 0.34671 0.334852 0.360167 0.299986 0.306709 0.323515 0.281037 0.257529 0.250101 0.267727 0.215136 0.214047 0.192787 0.167969 0.190663 0.172276 0.186275 0.195058 0.267363 0.368288
